False
0x72737deb7b51220f8fa67fd8023296
0x72741db8c18a21a27c0e04ea08804a
0x7275f97f852a909541e74952aeae68
0x7276a5b73c1716d22b44a021e55f04
0x7277404cbca72993e103f74546df57
0x727021d0492104e34da06221261ad9
0x7271c72b9d4317a0c32b6cdcd7d9dc
0x72721f375145c9aac08594d1c892e8
0x72737deb7b51220f8fa67fd8023296
0x72741db8c18a21a27c0e04ea08804a
0x7275f97f852a909541e74952aeae68
0x7276a5b73c1716d22b44a021e55f04
0x7277404cbca72993e103f74546df57
0x727021d0492104e34da06221261ad9
0x7271c72b9d4317a0c32b6cdcd7d9dc
0x72721f375145c9aac08594d1c892e8
0x72737deb7b51220f8fa67fd8023296
0x72741db8c18a21a27c0e04ea08804a
0x7275f97f852a909541e74952aeae68
0x7276a5b73c1716d22b44a021e55f04
0x7277404cbca72993e103f74546df57
0x727021d0492104e34da06221261ad9
0x7271c72b9d4317a0c32b6cdcd7d9dc
0x72721f375145c9aac08594d1c892e8
0x72737deb7b51220f8fa67fd8023296
0x72741db8c18a21a27c0e04ea08804a
0x7275f97f852a909541e74952aeae68
0x7276a5b73c1716d22b44a021e55f04
0x7277404cbca72993e103f74546df57
0x727021d0492104e34da06221261ad9
0x7271c72b9d4317a0c32b6cdcd7d9dc
0x72721f375145c9aac08594d1c892e8
0x72737deb7b51220f8fa67fd8023296
0x72741db8c18a21a27c0e04ea08804a
0x7275f97f852a909541e74952aeae68
0x7276a5b73c1716d22b44a021e55f04
0x7277404cbca72993e103f74546df57
0x727021d0492104e34da06221261ad9
0x7271c72b9d4317a0c32b6cdcd7d9dc
0x72721f375145c9aac08594d1c892e8
0x72737deb7b51220f8fa67fd8023296
0x72741db8c18a21a27c0e04ea08804a
0x7275f97f852a909541e74952aeae68
0x7276a5b73c1716d22b44a021e55f04
0x7277404cbca72993e103f74546df57
0x727021d0492104e34da06221261ad9
0x7271c72b9d4317a0c32b6cdcd7d9dc
0x72721f375145c9aac08594d1c892e8
0x72737deb7b51220f8fa67fd8023296
0x72741db8c18a21a27c0e04ea08804a
0x7275f97f852a909541e74952aeae68
0x7276a5b73c1716d22b44a021e55f04
0x7277404cbca72993e103f74546df57
0x727021d0492104e34da06221261ad9
0x7271c72b9d4317a0c32b6cdcd7d9dc
0x72721f375145c9aac08594d1c892e8
0x72737deb7b51220f8fa67fd8023296
0x72741db8c18a21a27c0e04ea08804a
0x7275f97f852a909541e74952aeae68
0x7276a5b73c1716d22b44a021e55f04
0x7277404cbca72993e103f74546df57
0x727021d0492104e34da06221261ad9
0x7271c72b9d4317a0c32b6cdcd7d9dc
0x72721f375145c9aac08594d1c892e8
0x72737deb7b51220f8fa67fd8023296
0x72741db8c18a21a27c0e04ea08804a
0x7275f97f852a909541e74952aeae68
0x7276a5b73c1716d22b44a021e55f04
0x7277404cbca72993e103f74546df57
0x727021d0492104e34da06221261ad9
0x7271c72b9d4317a0c32b6cdcd7d9dc
0x72721f375145c9aac08594d1c892e8
0x72737deb7b51220f8fa67fd8023296
0x72741db8c18a21a27c0e04ea08804a
0x7275f97f852a909541e74952aeae68
0x7276a5b73c1716d22b44a021e55f04
0x7277404cbca72993e103f74546df57
0x727021d0492104e34da06221261ad9
0x7271c72b9d4317a0c32b6cdcd7d9dc
0x72721f375145c9aac08594d1c892e8
0x72737deb7b51220f8fa67fd8023296
0x72741db8c18a21a27c0e04ea08804a
0x7275f97f852a909541e74952aeae68
0x7276a5b73c1716d22b44a021e55f04
0x7277404cbca72993e103f74546df57
0x727021d0492104e34da06221261ad9
0x7271c72b9d4317a0c32b6cdcd7d9dc
0x72721f375145c9aac08594d1c892e8
0x72737deb7b51220f8fa67fd8023296
0x72741db8c18a21a27c0e04ea08804a
0x7275f97f852a909541e74952aeae68
0x7276a5b73c1716d22b44a021e55f04
0x7277404cbca72993e103f74546df57
0x727021d0492104e34da06221261ad9
0x7271c72b9d4317a0c32b6cdcd7d9dc
0x72721f375145c9aac08594d1c892e8
0x72737deb7b51220f8fa67fd8023296
0x72741db8c18a21a27c0e04ea08804a
0x7275f97f852a909541e74952aeae68
0x7276a5b73c1716d22b44a021e55f04
0x7277404cbca72993e103f74546df57
0x727021d0492104e34da06221261ad9
0x7271c72b9d4317a0c32b6cdcd7d9dc
0x72721f375145c9aac08594d1c892e8
0x72737deb7b51220f8fa67fd8023296
0x72741db8c18a21a27c0e04ea08804a
0x7275f97f852a909541e74952aeae68
0x7276a5b73c1716d22b44a021e55f04
0x7277404cbca72993e103f74546df57
0x727021d0492104e34da06221261ad9
0x7271c72b9d4317a0c32b6cdcd7d9dc
0x72721f375145c9aac08594d1c892e8
0x72737deb7b51220f8fa67fd8023296
0x72741db8c18a21a27c0e04ea08804a
0x7275f97f852a909541e74952aeae68
0x7276a5b73c1716d22b44a021e55f04
0x7277404cbca72993e103f74546df57
0x727021d0492104e34da06221261ad9
0x7271c72b9d4317a0c32b6cdcd7d9dc
